925941 1451927 0.6793921386375829
925941 1373668 1.0
925941 1669655 0.6793921386375829
925941 925949 1.0
925941 1576463 0.6793921386375829
925941 1169103 1.0
925941 1884028 0.6793921386375829
925941 1217109 0.6793921386375829
925941 611838 0.6793921386375829
925941 1373670 1.0
925941 1884034 1.0
1373670 1373681 0.3206078613624171
925941 1704593 0.3206078613624171
925941 1884027 0.3206078613624171
925941 1884025 0.3206078613624171
925941 818825 0.3206078613624171
925941 1217099 0.3206078613624171
